00
001
0018
00184
01
018
0184
18
184
84
84
848
8483
84838
848381
8483812
84838127
848381273
8483812734
48
483
4838
48381
483812
4838127
48381273
483812734
83
838
8381
83812
838127
8381273
83812734
38
381
3812
38127
381273
3812734
81
812
8127
81273
812734
12
127
1273
12734
27
273
2734
73
734
34
20
200
2004
00
004
04
07
073
0730
07302
073020
0730200
07302003
73
730
7302
73020
730200
7302003
30
302
3020
30200
302003
02
020
0200
02003
20
200
2003
00
003
03
00
001
0018
00184
01
018
0184
18
184
84
84
848
8483
84838
848381
8483812
84838127
848381273
8483812734
48
483
4838
48381
483812
4838127
48381273
483812734
83
838
8381
83812
838127
8381273
83812734
38
381
3812
38127
381273
3812734
81
812
8127
81273
812734
12
127
1273
12734
27
273
2734
73
734
34
20
200
2004
00
004
04
07
073
0730
07302
073020
0730200
07302003
73
730
7302
73020
730200
7302003
30
302
3020
30200
302003
02
020
0200
02003
20
200
2003
00
003
03
